ENVELOPE NUMERICO — R13 (checks teacher-forced; 3 backends: dst=GPU, src=HTP, ref=CPU)

 pos   tokd   tokr      lse_d      lse_s      lse_r   maxp_d      e_dr      e_sr      e_ds fin
   0    923    923     25.221     25.381     25.216  0.89059     0.476     0.661     0.449 111
   1     71     71     34.558     33.887     34.499  0.99998     0.612     0.856     0.663 111
   8     11     11     35.511     35.449     35.491  1.00000     0.541     0.722     0.495 111
  32    375    375     25.587     25.584     25.758  0.92237     0.455     0.598     0.478 111
   0    923    923     25.221     25.381     25.216  0.89059     0.476     0.661     0.449 111
   1     71     71     34.558     33.887     34.499  0.99998     0.612     0.856     0.663 111
   8     11     11     35.511     35.449     35.491  1.00000     0.541     0.722     0.495 111
  32    375    375     25.587     25.584     25.758  0.92237     0.455     0.598     0.478 111
  64   1142   1142     20.306     20.383     20.491  0.96262     0.381     0.481     0.434 111
 128  19572   1129     20.621     20.609     20.605  0.39877     0.439     0.764     0.428 111
  64   1142   1142     20.306     20.383     20.491  0.96262     0.381     0.481     0.434 111
 128  19572   1129     20.621     20.609     20.605  0.39877     0.439     0.764     0.428 111
 192    989    989     25.007     25.012     25.030  0.99852     0.714     0.702     0.366 111
 255  18964  18964     27.086     27.505     27.478  0.99179     0.519     0.500     0.469 111
 300 120020 120020     34.345     34.388     34.279  1.00000     0.782     0.987     0.604 111
   0    923    923     25.221     25.381     25.216  0.89059     0.476     0.661     0.449 111
   1     71     71     34.558     33.887     34.499  0.99998     0.612     0.856     0.663 111
   8     11     11     35.511     35.449     35.491  1.00000     0.541     0.722     0.495 111
  32    375    375     25.587     25.584     25.758  0.92237     0.455     0.598     0.478 111
  64   1142   1142     20.306     20.383     20.491  0.96262     0.381     0.481     0.434 111
 128  19572   1129     20.621     20.609     20.605  0.39877     0.439     0.764     0.428 111
 192    989    989     25.007     25.012     25.030  0.99852     0.714     0.702     0.366 111
 255  18964  18964     27.086     27.505     27.478  0.99179     0.519     0.500     0.469 111
 300 120020 120020     34.345     34.388     34.279  1.00000     0.782     0.987     0.604 111

envelope e_ds: n=24 max=0.6628 mean=0.4884 p50=0.4693

envelope e_sr: n=24 max=0.9874 mean=0.6927 p50=0.7016

envelope e_dr: n=24 max=0.7822 mean=0.5308 p50=0.4978

divergencias destino-vs-ref nos checkpoints: 3
  pos 128: dst=19572 ref=1129 e_dr=0.4385 maxp_d=0.39877
  pos 128: dst=19572 ref=1129 e_dr=0.4385 maxp_d=0.39877
  pos 128: dst=19572 ref=1129 e_dr=0.4385 maxp_d=0.39877

NUMRES (linhas):
  div=1 e_dr(max/mean)=1.0820/0.5314 e_sr=1.1856/0.6744 e_ds=0.8864/0.5037 lse0(d/s/r)=25.221/25.381/25.216 out=300 texto=1059
  div=1 e_dr(max/mean)=1.0820/0.5314 e_sr=1.1856/0.6744 e_ds=0.8864/0.5037 lse0(d/s/r)=25.221/25.381/25.216 out=300 texto=1059
